         datname         | xact_commit | xact_rollback | tup_inserted | tup_updated | tup_deleted | tup_returned 
-------------------------+-------------+---------------+--------------+-------------+-------------+--------------
 workflowservice-db      |      152936 |             1 |      2748907 |       33392 |     2746988 |     19328757
 appservice-db           |      151488 |             2 |      2763811 |       33978 |     2755798 |     20346513
 notificationsservice-db |      150537 |             1 |      2750186 |       33542 |     2748339 |     18750581
 userservice-db          |      149124 |             1 |      2754716 |       33667 |     2752178 |     24169149
 integrationsservice-db  |      148544 |             1 |      2749279 |       33404 |     2747213 |     20087105
 chatservice-db          |      144234 |             1 |      2755669 |       33904 |     2751305 |     19998229
 taskservice-db          |      142808 |             1 |      2750457 |       33550 |     2748339 |     19760085
 pdfservice-db           |      142404 |             1 |      2751085 |       33112 |     2749236 |     19023708
 uploadservice-db        |      140749 |             1 |      2752211 |       33552 |     2750364 |     19220485
 jobservice-db           |      140511 |             1 |      2754671 |       33650 |     2747235 |     19995011
(10 rows)

